0 0 0
10000 0 0
20000 0 0
30000 0 0
40000 0 0
50000 0 4
60000 0 4
70000 0 4
80000 0 6
90000 0 8
100000 0 8
110000 0 10
120000 0 11
130000 0 12
140000 0 13
150000 0 14
160000 0 16
170000 0 17
180000 0 18
190000 0 20
200000 0 21
210000 0 21
220000 0 23
230000 0 24
240000 0 25
250000 0 27
260000 0 27
270000 0 29
280000 0 30
290000 0 31
300000 0 33
310000 0 33
320000 0 35
330000 0 36
340000 0 37
350000 0 38
360000 0 39
370000 0 41
380000 0 42
390000 0 43
400000 0 43
410000 0 44
420000 0 46
430000 0 47
440000 0 48
450000 0 49
460000 0 51
470000 0 51
480000 0 52
490000 0 55
500000 0 55
510000 0 56
520000 0 58
530000 0 59
540000 0 59
550000 0 60
560000 0 63
570000 0 63
580000 0 64
590000 0 65
600000 0 67
610000 0 68
620000 0 69
630000 0 69
640000 0 70
650000 0 73
660000 0 73
670000 0 74
680000 0 74
690000 0 77
700000 0 77
710000 0 78
720000 0 79
730000 0 80
740000 0 82
750000 0 82
760000 0 83
770000 0 84
780000 0 86
790000 0 86
800000 0 88
810000 0 90
820000 0 90
830000 0 90
840000 0 93
850000 0 94
860000 0 94
870000 0 94
880000 0 96
890000 0 98
900000 0 98
910000 0 100
920000 0 101
930000 0 102
940000 0 104
950000 0 104
960000 0 105
970000 0 106
980000 0 107
990000 0 108
1000000 0 109
1010000 0 110
1020000 0 111
1030000 0 112
1040000 0 114
1050000 0 115
1060000 0 115
1070000 0 117
1080000 0 117
1090000 0 119
1100000 0 120
1110000 0 121
1120000 0 122
1130000 0 124
1140000 0 125
1150000 0 126
1160000 0 128
1170000 0 129
1180000 0 130
1190000 0 130
1200000 0 133
1210000 0 134
1220000 0 134
1230000 0 135
1240000 0 137
1250000 0 138
1260000 0 138
1270000 0 140
1280000 0 142
1290000 0 142
1300000 0 142
1310000 0 144
1320000 0 146
1330000 0 146
1340000 0 147
1350000 0 149
1360000 0 150
1370000 0 151
1380000 0 153
1390000 0 153
1400000 0 154
1410000 0 157
1420000 0 157
1430000 0 158
1440000 0 160
1450000 0 161
1460000 0 162
1470000 0 163
1480000 0 164
1490000 0 164
1500000 0 165
1510000 0 167
1520000 0 167
1530000 0 170
1540000 0 170
1550000 0 171
1560000 0 173
1570000 0 174
1580000 0 174
1590000 0 175
1600000 0 177
1610000 0 179
1620000 0 179
1630000 0 181
1640000 0 182
1650000 0 182
1660000 0 184
1670000 0 185
1680000 0 186
1690000 0 187
1700000 0 188
1710000 0 190
1720000 0 190
1730000 0 191
1740000 0 194
1750000 0 194
1760000 0 195
1770000 0 198
1780000 0 198
1790000 0 199
1800000 0 200
1810000 0 200
1820000 0 200
1830000 0 200
1840000 0 200
1850000 0 200
1860000 0 200
1870000 0 200
1880000 0 200
1890000 0 200
1900000 0 200
1910000 0 200
1920000 0 200
1930000 0 200
1940000 0 200
1950000 0 200
1960000 0 200
1970000 0 200
1980000 0 200
1990000 0 200
2000000 1 200
2010000 1 200
2020000 1 200
2030000 1 200
2040000 1 200
2050000 1 200
2060000 1 200
2070000 1 200
2080000 1 200
2090000 1 200
2100000 1 200
2110000 1 200
2120000 1 200
2130000 1 200
2140000 1 200
2150000 1 200
2160000 1 200
2170000 1 200
2180000 1 200
2190000 1 200
2200000 1 200
2210000 1 200
2220000 1 200
2230000 1 200
2240000 1 200
2250000 1 200
2260000 1 200
2270000 1 200
2280000 1 200
2290000 1 200
2300000 1 200
2310000 1 200
2320000 1 200
2330000 1 200
2340000 1 200
2350000 1 200
2360000 1 200
2370000 1 200
2380000 1 200
2390000 1 200
2400000 1 200
2410000 1 200
2420000 1 200
2430000 1 200
2440000 1 200
2450000 1 200
2460000 1 200
2470000 1 200
2480000 1 200
2490000 1 200
2500000 1 200
2510000 1 200
2520000 1 200
2530000 1 200
2540000 1 200
2550000 1 200
2560000 1 200
2570000 1 200
2580000 1 200
2590000 1 200
2600000 1 200
2610000 1 200
2620000 1 200
2630000 1 200
2640000 1 200
2650000 1 200
2660000 1 200
2670000 1 200
2680000 1 200
2690000 1 200
2700000 1 200
2710000 1 200
2720000 1 200
2730000 1 200
2740000 1 200
2750000 1 200
2760000 1 200
2770000 1 200
2780000 1 200
2790000 1 200
2800000 1 200
2810000 1 200
2820000 1 200
2830000 1 200
2840000 1 200
2850000 1 200
2860000 1 200
2870000 1 200
2880000 1 200
2890000 1 200
2900000 1 200
2910000 1 200
2920000 1 200
2930000 1 200
2940000 1 200
2950000 1 200
2960000 1 200
2970000 1 200
2980000 1 200
2990000 1 200
3000000 2 200
3010000 2 200
3020000 2 200
3030000 2 200
3040000 2 200
3050000 2 200
3060000 2 200
3070000 2 200
3080000 2 200
3090000 2 200
3100000 2 200
3110000 2 200
3120000 2 200
3130000 2 200
3140000 2 200
3150000 2 200
3160000 2 200
3170000 2 200
3180000 2 200
3190000 2 200
3200000 2 200
3210000 2 200
3220000 2 200
3230000 2 200
3240000 2 200
3250000 2 200
3260000 2 200
3270000 2 200
3280000 2 200
3290000 2 200
3300000 2 200
3310000 2 200
3320000 2 200
3330000 2 200
3340000 2 200
3350000 2 200
3360000 2 200
3370000 2 200
3380000 2 200
3390000 2 200
3400000 2 200
3410000 2 200
3420000 2 200
3430000 2 200
3440000 2 200
3450000 2 200
3460000 2 200
3470000 2 200
3480000 2 200
3490000 2 200
3500000 2 200
3510000 2 200
3520000 2 200
3530000 2 200
3540000 2 200
3550000 2 200
3560000 2 200
3570000 2 200
3580000 2 200
3590000 2 200
3600000 2 200
3610000 2 200
3620000 2 200
3630000 2 200
3640000 2 200
3650000 2 200
3660000 2 200
3670000 2 200
3680000 2 200
3690000 2 200
3700000 2 200
3710000 2 200
3720000 2 200
3730000 2 200
3740000 2 200
3750000 2 200
3760000 2 200
3770000 2 200
3780000 2 200
3790000 2 200
3800000 2 200
3810000 2 200
3820000 2 200
3830000 2 200
3840000 2 200
3850000 2 200
3860000 2 200
3870000 2 200
3880000 2 200
3890000 2 200
3900000 2 200
3910000 2 200
3920000 2 200
3930000 2 200
3940000 2 200
3950000 2 200
3960000 2 200
3970000 2 200
3980000 2 200
3990000 2 200
4000000 3 200
4010000 3 200
4020000 3 200
4030000 3 200
4040000 3 200
4050000 3 200
4060000 3 200
4070000 3 200
4080000 3 200
4090000 3 200
4100000 3 200
4110000 3 200
4120000 3 200
4130000 3 200
4140000 3 200
4150000 3 200
4160000 3 200
4170000 3 200
4180000 3 200
4190000 3 200
4200000 3 200
4210000 3 200
4220000 3 200
4230000 3 200
4240000 3 200
4250000 3 200
4260000 3 200
4270000 3 200
4280000 3 200
4290000 3 200
4300000 3 200
4310000 3 200
4320000 3 200
4330000 3 200
4340000 3 200
4350000 3 200
4360000 3 200
4370000 3 200
4380000 3 200
4390000 3 200
4400000 3 200
4410000 3 200
4420000 3 200
4430000 3 200
4440000 3 200
4450000 3 200
4460000 3 200
4470000 3 200
4480000 3 199
4490000 3 200
4500000 3 200
4510000 3 200
4520000 3 200
4530000 3 200
4540000 3 200
4550000 3 200
4560000 3 200
4570000 3 200
4580000 3 200
4590000 3 200
4600000 3 200
4610000 3 200
4620000 3 200
4630000 3 200
4640000 3 200
4650000 3 200
4660000 3 200
4670000 3 200
4680000 3 200
4690000 3 200
4700000 3 200
4710000 3 200
4720000 3 200
4730000 3 200
4740000 3 200
4750000 3 200
4760000 3 200
4770000 3 200
4780000 3 200
4790000 3 200
4800000 3 200
4810000 3 200
4820000 3 200
4830000 3 200
4840000 3 200
4850000 3 200
4860000 3 200
4870000 3 200
4880000 3 200
4890000 3 200
4900000 3 200
4910000 3 200
4920000 3 200
4930000 3 200
4940000 3 200
4950000 3 200
4960000 3 200
4970000 3 200
4980000 3 200
4990000 3 200
5000000 4 200
5010000 4 200
5020000 4 200
5030000 4 200
5040000 4 200
5050000 4 200
5060000 4 200
5070000 4 200
5080000 4 200
5090000 4 200
5100000 4 200
5110000 4 200
5120000 4 200
5130000 4 200
5140000 4 200
5150000 4 200
5160000 4 200
5170000 4 200
5180000 4 200
5190000 4 200
5200000 4 200
5210000 4 200
5220000 4 200
5230000 4 200
5240000 4 200
5250000 4 200
5260000 4 200
5270000 4 200
5280000 4 200
5290000 4 200
5300000 4 200
5310000 4 200
5320000 4 200
5330000 4 200
5340000 4 200
5350000 4 200
5360000 4 200
5370000 4 200
5380000 4 200
5390000 4 200
5400000 4 200
5410000 4 200
5420000 4 200
5430000 4 200
5440000 4 200
5450000 4 200
5460000 4 200
5470000 4 200
5480000 4 200
5490000 4 200
5500000 4 200
5510000 4 200
5520000 4 200
5530000 4 200
5540000 4 200
5550000 4 200
5560000 4 200
5570000 4 200
5580000 4 200
5590000 4 200
5600000 4 200
5610000 4 200
5620000 4 200
5630000 4 200
5640000 4 200
5650000 4 200
5660000 4 200
5670000 4 200
5680000 4 200
5690000 4 200
5700000 4 200
5710000 4 200
5720000 4 200
5730000 4 200
5740000 4 200
5750000 4 200
5760000 4 200
5770000 4 200
5780000 4 200
5790000 4 200
5800000 4 200
5810000 4 200
5820000 4 200
5830000 4 200
5840000 4 200
5850000 4 200
5860000 4 200
5870000 4 200
5880000 4 200
5890000 4 200
5900000 4 200
5910000 4 200
5920000 4 200
5930000 4 200
5940000 4 200
5950000 4 200
5960000 4 200
5970000 4 200
5980000 4 200
5990000 4 200
6000000 5 199
6010000 5 200
6020000 5 200
6030000 5 200
6040000 5 200
6050000 5 200
6060000 5 200
6070000 5 200
6080000 5 200
6090000 5 200
6100000 5 200
6110000 5 200
6120000 5 200
6130000 5 200
6140000 5 200
6150000 5 200
6160000 5 200
6170000 5 200
6180000 5 200
6190000 5 200
6200000 5 200
6210000 5 200
6220000 5 200
6230000 5 200
6240000 5 200
6250000 5 200
6260000 5 200
6270000 5 200
6280000 5 200
6290000 5 200
6300000 5 200
6310000 5 200
6320000 5 200
6330000 5 200
6340000 5 200
6350000 5 200
6360000 5 199
6370000 5 200
6380000 5 200
6390000 5 200
6400000 5 200
6410000 5 200
6420000 5 200
6430000 5 199
6440000 5 200
6450000 5 200
6460000 5 200
6470000 5 200
6480000 5 200
6490000 5 200
6500000 5 199
6510000 5 200
6520000 5 200
6530000 5 200
6540000 5 200
6550000 5 200
6560000 5 200
6570000 5 200
6580000 5 200
6590000 5 200
6600000 5 200
6610000 5 200
6620000 5 200
6630000 5 200
6640000 5 200
6650000 5 200
6660000 5 200
6670000 5 200
6680000 5 200
6690000 5 200
6700000 5 200
6710000 5 200
6720000 5 200
6730000 5 200
6740000 5 200
6750000 5 200
6760000 5 200
6770000 5 200
6780000 5 199
6790000 5 200
6800000 5 200
6810000 5 200
6820000 5 200
6830000 5 200
6840000 5 200
6850000 5 200
6860000 5 200
6870000 5 200
6880000 5 200
6890000 5 200
6900000 5 200
6910000 5 200
6920000 5 200
6930000 5 200
6940000 5 200
6950000 5 200
6960000 5 200
6970000 5 200
6980000 5 200
6990000 5 200
7000000 6 200
7010000 6 200
7020000 6 200
7030000 6 200
7040000 6 200
7050000 6 200
7060000 6 200
7070000 6 200
7080000 6 200
7090000 6 200
7100000 6 200
7110000 6 200
7120000 6 200
7130000 6 200
7140000 6 200
7150000 6 199
7160000 6 200
7170000 6 200
7180000 6 200
7190000 6 200
7200000 6 200
7210000 6 199
7220000 6 199
7230000 6 200
7240000 6 200
7250000 6 200
7260000 6 200
7270000 6 200
7280000 6 200
7290000 6 199
7300000 6 200
7310000 6 200
7320000 6 200
7330000 6 200
7340000 6 200
7350000 6 199
7360000 6 199
7370000 6 199
7380000 6 200
7390000 6 200
7400000 6 200
7410000 6 200
7420000 6 200
7430000 6 199
7440000 6 200
7450000 6 200
7460000 6 200
7470000 6 200
7480000 6 200
7490000 6 200
7500000 6 199
7510000 6 199
7520000 6 200
7530000 6 200
7540000 6 200
7550000 6 200
7560000 6 199
7570000 6 199
7580000 6 200
7590000 6 200
7600000 6 200
7610000 6 200
7620000 6 200
7630000 6 199
7640000 6 199
7650000 6 200
7660000 6 200
7670000 6 200
7680000 6 200
7690000 6 200
7700000 6 199
7710000 6 199
7720000 6 200
7730000 6 200
7740000 6 200
7750000 6 200
7760000 6 200
7770000 6 200
7780000 6 200
7790000 6 200
7800000 6 200
7810000 6 200
7820000 6 200
7830000 6 200
7840000 6 200
7850000 6 200
7860000 6 199
7870000 6 200
7880000 6 200
7890000 6 200
7900000 6 200
7910000 6 200
7920000 6 200
7930000 6 200
7940000 6 200
7950000 6 200
7960000 6 200
7970000 6 200
7980000 6 200
7990000 6 200
8000000 7 199
8010000 7 200
8020000 7 200
8030000 7 200
8040000 7 200
8050000 7 200
8060000 7 200
8070000 7 199
8080000 7 199
8090000 7 200
8100000 7 200
8110000 7 200
8120000 7 200
8130000 7 199
8140000 7 199
8150000 7 198
8160000 7 200
8170000 7 200
8180000 7 200
8190000 7 199
8200000 7 199
8210000 7 199
8220000 7 199
8230000 7 200
8240000 7 200
8250000 7 200
8260000 7 200
8270000 7 200
8280000 7 199
8290000 7 199
8300000 7 200
8310000 7 200
8320000 7 200
8330000 7 200
8340000 7 199
8350000 7 199
8360000 7 198
8370000 7 200
8380000 7 200
8390000 7 200
8400000 7 199
8410000 7 200
8420000 7 199
8430000 7 198
8440000 7 200
8450000 7 200
8460000 7 200
8470000 7 199
8480000 7 198
8490000 7 199
8500000 7 198
8510000 7 200
8520000 7 200
8530000 7 200
8540000 7 200
8550000 7 199
8560000 7 200
8570000 7 199
8580000 7 199
8590000 7 200
8600000 7 200
8610000 7 200
8620000 7 198
8630000 7 200
8640000 7 198
8650000 7 198
8660000 7 200
8670000 7 200
8680000 7 200
8690000 7 198
8700000 7 200
8710000 7 199
8720000 7 199
8730000 7 200
8740000 7 200
8750000 7 200
8760000 7 199
8770000 7 200
8780000 7 198
8790000 7 199
8800000 7 200
8810000 7 200
8820000 7 200
8830000 7 200
8840000 7 200
8850000 7 198
8860000 7 200
8870000 7 200
8880000 7 200
8890000 7 200
8900000 7 200
8910000 7 200
8920000 7 198
8930000 7 199
8940000 7 200
8950000 7 200
8960000 7 200
8970000 7 200
8980000 7 200
8990000 7 199
9000000 8 200
9010000 8 199
9020000 8 200
9030000 8 200
9040000 8 200
9050000 8 200
9060000 8 199
9070000 8 200
9080000 8 200
9090000 8 200
9100000 8 200
9110000 8 200
9120000 8 200
9130000 8 199
9140000 8 200
9150000 8 200
9160000 8 200
9170000 8 200
9180000 8 200
9190000 8 200
9200000 8 199
9210000 8 198
9220000 8 200
9230000 8 200
9240000 8 200
9250000 8 200
9260000 8 199
9270000 8 199
9280000 8 198
9290000 8 200
9300000 8 199
9310000 8 200
9320000 8 199
9330000 8 199
9340000 8 198
9350000 8 199
9360000 8 198
9370000 8 198
9380000 8 200
9390000 8 199
9400000 8 198
9410000 8 197
9420000 8 198
9430000 8 198
9440000 8 198
9450000 8 200
9460000 8 198
9470000 8 197
9480000 8 199
9490000 8 198
9500000 8 197
9510000 8 197
9520000 8 200
9530000 8 198
9540000 8 196
9550000 8 198
9560000 8 198
9570000 8 197
9580000 8 198
9590000 8 199
9600000 8 200
9610000 8 197
9620000 8 199
9630000 8 198
9640000 8 198
9650000 8 198
9660000 8 199
9670000 8 200
9680000 8 198
9690000 8 198
9700000 8 197
9710000 8 198
9720000 8 198
9730000 8 199
9740000 8 200
9750000 8 198
9760000 8 197
9770000 8 197
9780000 8 197
9790000 8 197
9800000 8 199
9810000 8 199
9820000 8 197
9830000 8 197
9840000 8 196
9850000 8 196
9860000 8 198
9870000 8 199
9880000 8 199
9890000 8 199
9900000 8 199
9910000 8 198
9920000 8 198
9930000 8 199
9940000 8 198
9950000 8 200
9960000 8 200
9970000 8 198
9980000 8 197
9990000 8 198
10000000 9 199
10010000 9 197
10020000 9 197
10030000 9 198
10040000 9 196
10050000 9 196
10060000 9 197
10070000 9 197
10080000 9 195
10090000 9 197
10100000 9 197
10110000 9 195
10120000 9 195
10130000 9 196
10140000 9 196
10150000 9 195
10160000 9 196
10170000 9 195
10180000 9 195
10190000 9 194
10200000 9 195
10210000 9 195
10220000 9 194
10230000 9 195
10240000 9 195
10250000 9 194
10260000 9 194
10270000 9 194
10280000 9 194
10290000 9 194
10300000 9 194
10310000 9 193
10320000 9 191
10330000 9 193
10340000 9 192
10350000 9 192
10360000 9 190
10370000 9 192
10380000 9 192
10390000 9 190
10400000 9 191
10410000 9 190
10420000 9 191
10430000 9 190
10440000 9 191
10450000 9 190
10460000 9 191
10470000 9 191
10480000 9 189
10490000 9 190
10500000 9 190
10510000 9 190
10520000 9 191
10530000 9 191
10540000 9 190
10550000 9 188
10560000 9 188
10570000 9 189
10580000 9 189
10590000 9 190
10600000 9 189
10610000 9 189
10620000 9 188
10630000 9 188
10640000 9 187
10650000 9 189
10660000 9 190
10670000 9 188
10680000 9 188
10690000 9 188
10700000 9 187
10710000 9 188
10720000 9 188
10730000 9 188
10740000 9 188
10750000 9 187
10760000 9 186
10770000 9 187
10780000 9 186
10790000 9 186
10800000 9 187
10810000 9 185
10820000 9 183
10830000 9 182
10840000 9 182
10850000 9 181
10860000 9 181
10870000 9 182
10880000 9 180
10890000 9 178
10900000 9 177
10910000 9 177
10920000 9 176
10930000 9 176
10940000 9 177
10950000 9 175
10960000 9 173
10970000 9 172
10980000 9 173
10990000 9 172
11000000 10 170
11010000 10 171
11020000 10 169
11030000 10 167
11040000 10 166
11050000 10 167
11060000 10 166
11070000 10 164
11080000 10 165
11090000 10 163
11100000 10 161
11110000 10 160
11120000 10 161
11130000 10 160
11140000 10 158
11150000 10 159
11160000 10 157
11170000 10 156
11180000 10 154
11190000 10 154
11200000 10 154
11210000 10 152
11220000 10 153
11230000 10 151
11240000 10 150
11250000 10 148
11260000 10 148
11270000 10 148
11280000 10 146
11290000 10 147
11300000 10 145
11310000 10 144
11320000 10 142
11330000 10 141
11340000 10 142
11350000 10 140
11360000 10 141
11370000 10 140
11380000 10 139
11390000 10 136
11400000 10 135
11410000 10 136
11420000 10 134
11430000 10 134
11440000 10 135
11450000 10 133
11460000 10 130
11470000 10 129
11480000 10 130
11490000 10 128
11500000 10 128
11510000 10 129
11520000 10 127
11530000 10 125
11540000 10 123
11550000 10 124
11560000 10 123
11570000 10 122
11580000 10 123
11590000 10 121
11600000 10 119
11610000 10 117
11620000 10 118
11630000 10 117
11640000 10 115
11650000 10 117
11660000 10 115
11670000 10 113
11680000 10 111
11690000 10 112
11700000 10 111
11710000 10 109
11720000 10 111
11730000 10 109
11740000 10 108
11750000 10 105
11760000 10 105
11770000 10 105
11780000 10 103
11790000 10 105
11800000 10 103
11810000 10 102
11820000 10 99
11830000 10 99
11840000 10 99
11850000 10 97
11860000 10 99
11870000 10 97
11880000 10 96
11890000 10 93
11900000 10 92
11910000 10 94
11920000 10 91
11930000 10 93
11940000 10 91
11950000 10 90
11960000 10 88
11970000 10 86
11980000 10 88
11990000 10 86
12000000 10 86
12010000 10 85
12020000 10 84
12030000 10 82
12040000 10 81
12050000 10 82
12060000 10 80
12070000 10 80
12080000 10 79
12090000 10 78
12100000 10 76
12110000 10 75
12120000 10 76
12130000 10 74
12140000 10 74
12150000 10 73
12160000 10 73
12170000 10 70
12180000 10 67
12190000 10 68
12200000 10 62
12210000 10 62
12220000 10 61
12230000 10 56
12240000 10 54
12250000 10 50
12260000 10 49
12270000 10 47
12280000 10 45
12290000 10 44
12300000 10 40
12310000 10 38
12320000 10 34
12330000 10 35
12340000 10 32
12350000 10 27
12360000 10 27
12370000 10 27
12380000 10 25
12390000 10 19
12400000 10 18
12410000 10 17
12420000 10 14
12430000 10 12
12440000 10 9
12450000 10 6
12460000 10 2
12470000 10 1
12480000 10 0
12490000 10 0
12500000 10 0
12510000 10 0
12520000 10 0
12530000 10 0
12540000 10 0
12550000 10 0
12560000 10 0
12570000 10 0
12580000 10 0
12590000 10 0
12600000 10 0
12610000 10 0
12620000 10 0
12630000 10 0
12640000 10 0
12650000 10 0
12660000 10 0
12670000 10 0
12680000 10 0
12690000 10 0
12700000 10 0
12710000 10 0
12720000 10 0
12730000 10 0
12740000 10 0
12750000 10 0
12760000 10 0
12770000 10 0
12780000 10 0
12790000 10 0
12800000 10 0
12810000 10 0
12820000 10 0
12830000 10 0
12840000 10 0
12850000 10 0
12860000 10 0
12870000 10 0
12880000 10 0
12890000 10 0
12900000 10 0
12910000 10 0
12920000 10 0
12930000 10 0
12940000 10 0
12950000 10 0
12960000 10 0
12970000 10 0
12980000 10 0
12990000 10 0
13000000 9 0
13010000 9 0
13020000 9 0
13030000 9 0
13040000 9 0
13050000 9 0
13060000 9 0
13070000 9 0
13080000 9 0
13090000 9 0
13100000 9 0
13110000 9 0
13120000 9 0
13130000 9 0
13140000 9 0
13150000 9 0
13160000 9 0
13170000 9 0
13180000 9 0
13190000 9 0
13200000 9 0
13210000 9 0
13220000 9 0
13230000 9 0
13240000 9 0
13250000 9 0
13260000 9 0
13270000 9 0
13280000 9 0
13290000 9 0
13300000 9 0
13310000 9 0
13320000 9 0
13330000 9 0
13340000 9 0
13350000 9 0
13360000 9 0
13370000 9 0
13380000 9 0
13390000 9 0
13400000 9 0
13410000 9 0
13420000 9 0
13430000 9 0
13440000 9 0
13450000 9 0
13460000 9 0
13470000 9 0
13480000 9 0
13490000 9 0
13500000 9 0
13510000 9 0
13520000 9 0
13530000 9 0
13540000 9 0
13550000 9 0
13560000 9 0
13570000 9 0
13580000 9 0
13590000 9 0
13600000 9 0
13610000 9 0
13620000 9 0
13630000 9 0
13640000 9 0
13650000 9 0
13660000 9 0
13670000 9 0
13680000 9 0
13690000 9 0
13700000 9 0
13710000 9 0
13720000 9 0
13730000 9 0
13740000 9 0
13750000 9 0
13760000 9 0
13770000 9 0
13780000 9 0
13790000 9 0
13800000 9 0
13810000 9 0
13820000 9 0
13830000 9 0
13840000 9 0
13850000 9 0
13860000 9 0
13870000 9 0
13880000 9 0
13890000 9 0
13900000 9 0
13910000 9 0
13920000 9 0
13930000 9 0
13940000 9 0
13950000 9 0
13960000 9 0
13970000 9 0
13980000 9 0
13990000 9 0
14000000 8 0
14010000 8 0
14020000 8 0
14030000 8 0
14040000 8 0
14050000 8 0
14060000 8 0
14070000 8 0
14080000 8 0
14090000 8 0
14100000 8 0
14110000 8 0
14120000 8 0
14130000 8 0
14140000 8 0
14150000 8 0
14160000 8 0
14170000 8 0
14180000 8 0
14190000 8 0
14200000 8 0
14210000 8 0
14220000 8 0
14230000 8 0
14240000 8 0
14250000 8 0
14260000 8 0
14270000 8 0
14280000 8 0
14290000 8 0
14300000 8 0
14310000 8 0
14320000 8 0
14330000 8 0
14340000 8 0
14350000 8 0
14360000 8 0
14370000 8 0
14380000 8 0
14390000 8 0
14400000 8 0
14410000 8 0
14420000 8 0
14430000 8 0
14440000 8 0
14450000 8 0
14460000 8 0
14470000 8 0
14480000 8 0
14490000 8 1
14500000 8 0
14510000 8 0
14520000 8 0
14530000 8 0
14540000 8 0
14550000 8 0
14560000 8 0
14570000 8 0
14580000 8 0
14590000 8 0
14600000 8 0
14610000 8 0
14620000 8 0
14630000 8 0
14640000 8 0
14650000 8 0
14660000 8 0
14670000 8 0
14680000 8 0
14690000 8 0
14700000 8 0
14710000 8 0
14720000 8 0
14730000 8 0
14740000 8 0
14750000 8 0
14760000 8 0
14770000 8 0
14780000 8 0
14790000 8 0
14800000 8 0
14810000 8 0
14820000 8 0
14830000 8 0
14840000 8 0
14850000 8 0
14860000 8 0
14870000 8 0
14880000 8 0
14890000 8 0
14900000 8 0
14910000 8 0
14920000 8 0
14930000 8 0
14940000 8 0
14950000 8 0
14960000 8 0
14970000 8 0
14980000 8 0
14990000 8 0
15000000 7 0
15010000 7 0
15020000 7 0
15030000 7 0
15040000 7 0
15050000 7 0
15060000 7 0
15070000 7 0
15080000 7 0
15090000 7 0
15100000 7 0
15110000 7 0
15120000 7 0
15130000 7 0
15140000 7 0
15150000 7 0
15160000 7 0
15170000 7 0
15180000 7 0
15190000 7 0
15200000 7 0
15210000 7 0
15220000 7 0
15230000 7 0
15240000 7 0
15250000 7 0
15260000 7 0
15270000 7 0
15280000 7 0
15290000 7 0
15300000 7 0
15310000 7 0
15320000 7 0
15330000 7 0
15340000 7 0
15350000 7 0
15360000 7 0
15370000 7 0
15380000 7 0
15390000 7 0
15400000 7 0
15410000 7 0
15420000 7 0
15430000 7 0
15440000 7 0
15450000 7 0
15460000 7 0
15470000 7 0
15480000 7 0
15490000 7 0
15500000 7 0
15510000 7 0
15520000 7 0
15530000 7 0
15540000 7 0
15550000 7 0
15560000 7 0
15570000 7 0
15580000 7 0
15590000 7 0
15600000 7 0
15610000 7 0
15620000 7 0
15630000 7 0
15640000 7 0
15650000 7 0
15660000 7 0
15670000 7 0
15680000 7 0
15690000 7 0
15700000 7 0
15710000 7 0
15720000 7 0
15730000 7 0
15740000 7 0
15750000 7 0
15760000 7 0
15770000 7 0
15780000 7 0
15790000 7 0
15800000 7 0
15810000 7 0
15820000 7 0
15830000 7 0
15840000 7 0
15850000 7 0
15860000 7 0
15870000 7 0
15880000 7 0
15890000 7 0
15900000 7 0
15910000 7 0
15920000 7 0
15930000 7 0
15940000 7 0
15950000 7 0
15960000 7 0
15970000 7 0
15980000 7 0
15990000 7 0
16000000 6 0
16010000 6 0
16020000 6 0
16030000 6 0
16040000 6 0
16050000 6 0
16060000 6 0
16070000 6 0
16080000 6 0
16090000 6 0
16100000 6 0
16110000 6 0
16120000 6 0
16130000 6 0
16140000 6 0
16150000 6 0
16160000 6 0
16170000 6 0
16180000 6 0
16190000 6 0
16200000 6 0
16210000 6 0
16220000 6 0
16230000 6 0
16240000 6 0
16250000 6 0
16260000 6 0
16270000 6 0
16280000 6 0
16290000 6 0
16300000 6 0
16310000 6 0
16320000 6 0
16330000 6 0
16340000 6 0
16350000 6 0
16360000 6 0
16370000 6 0
16380000 6 0
16390000 6 0
16400000 6 0
16410000 6 0
16420000 6 0
16430000 6 0
16440000 6 0
16450000 6 0
16460000 6 0
16470000 6 0
16480000 6 0
16490000 6 0
16500000 6 0
16510000 6 0
16520000 6 0
16530000 6 0
16540000 6 0
16550000 6 0
16560000 6 0
16570000 6 0
16580000 6 0
16590000 6 0
16600000 6 0
16610000 6 0
16620000 6 0
16630000 6 0
16640000 6 0
16650000 6 0
16660000 6 0
16670000 6 0
16680000 6 0
16690000 6 0
16700000 6 0
16710000 6 0
16720000 6 0
16730000 6 0
16740000 6 0
16750000 6 0
16760000 6 0
16770000 6 0
16780000 6 0
16790000 6 0
16800000 6 0
16810000 6 0
16820000 6 0
16830000 6 0
16840000 6 0
16850000 6 0
16860000 6 0
16870000 6 0
16880000 6 0
16890000 6 0
16900000 6 0
16910000 6 0
16920000 6 0
16930000 6 0
16940000 6 0
16950000 6 0
16960000 6 0
16970000 6 0
16980000 6 0
16990000 6 0
17000000 5 0
17010000 5 0
17020000 5 0
17030000 5 0
17040000 5 0
17050000 5 0
17060000 5 0
17070000 5 0
17080000 5 0
17090000 5 0
17100000 5 0
17110000 5 0
17120000 5 0
17130000 5 0
17140000 5 0
17150000 5 0
17160000 5 0
17170000 5 0
17180000 5 0
17190000 5 0
17200000 5 0
17210000 5 0
17220000 5 0
17230000 5 0
17240000 5 0
17250000 5 0
17260000 5 0
17270000 5 0
17280000 5 0
17290000 5 0
17300000 5 0
17310000 5 0
17320000 5 0
17330000 5 0
17340000 5 0
17350000 5 0
17360000 5 0
17370000 5 0
17380000 5 0
17390000 5 0
17400000 5 0
17410000 5 0
17420000 5 0
17430000 5 0
17440000 5 0
17450000 5 0
17460000 5 0
17470000 5 0
17480000 5 0
17490000 5 0
17500000 5 0
17510000 5 0
17520000 5 0
17530000 5 0
17540000 5 0
17550000 5 0
17560000 5 0
17570000 5 0
17580000 5 0
17590000 5 0
17600000 5 0
17610000 5 0
17620000 5 0
17630000 5 0
17640000 5 0
17650000 5 0
17660000 5 0
17670000 5 0
17680000 5 0
17690000 5 0
17700000 5 0
17710000 5 0
17720000 5 0
17730000 5 0
17740000 5 0
17750000 5 0
17760000 5 0
17770000 5 0
17780000 5 0
17790000 5 0
17800000 5 0
17810000 5 0
17820000 5 0
17830000 5 0
17840000 5 0
17850000 5 0
17860000 5 0
17870000 5 0
17880000 5 0
17890000 5 0
17900000 5 0
17910000 5 0
17920000 5 0
17930000 5 0
17940000 5 0
17950000 5 0
17960000 5 0
17970000 5 0
17980000 5 0
17990000 5 0
18000000 4 0
18010000 4 0
18020000 4 0
18030000 4 0
18040000 4 0
18050000 4 0
18060000 4 0
18070000 4 0
18080000 4 0
18090000 4 0
18100000 4 0
18110000 4 0
18120000 4 0
18130000 4 0
18140000 4 0
18150000 4 0
18160000 4 0
18170000 4 0
18180000 4 0
18190000 4 0
18200000 4 0
18210000 4 0
18220000 4 0
18230000 4 0
18240000 4 0
18250000 4 0
18260000 4 0
18270000 4 0
18280000 4 0
18290000 4 0
18300000 4 0
18310000 4 0
18320000 4 0
18330000 4 0
18340000 4 0
18350000 4 0
18360000 4 0
18370000 4 0
18380000 4 0
18390000 4 0
18400000 4 0
18410000 4 0
18420000 4 0
18430000 4 0
18440000 4 0
18450000 4 0
18460000 4 0
18470000 4 0
18480000 4 0
18490000 4 0
18500000 4 0
18510000 4 0
18520000 4 0
18530000 4 0
18540000 4 0
18550000 4 0
18560000 4 0
18570000 4 0
18580000 4 0
18590000 4 0
18600000 4 0
18610000 4 0
18620000 4 0
18630000 4 0
18640000 4 0
18650000 4 0
18660000 4 0
18670000 4 0
18680000 4 0
18690000 4 0
18700000 4 0
18710000 4 0
18720000 4 0
18730000 4 0
18740000 4 0
18750000 4 0
18760000 4 0
18770000 4 0
18780000 4 0
18790000 4 0
18800000 4 0
18810000 4 0
18820000 4 0
18830000 4 0
18840000 4 0
18850000 4 0
18860000 4 0
18870000 4 0
18880000 4 0
18890000 4 0
18900000 4 0
18910000 4 0
18920000 4 0
18930000 4 0
18940000 4 0
18950000 4 0
18960000 4 0
18970000 4 0
18980000 4 0
18990000 4 0
19000000 3 0
19010000 3 0
19020000 3 0
19030000 3 0
19040000 3 0
19050000 3 0
19060000 3 0
19070000 3 0
19080000 3 0
19090000 3 0
19100000 3 0
19110000 3 0
19120000 3 0
19130000 3 0
19140000 3 0
19150000 3 0
19160000 3 0
19170000 3 0
19180000 3 0
19190000 3 0
19200000 3 0
19210000 3 0
19220000 3 0
19230000 3 0
19240000 3 0
19250000 3 0
19260000 3 0
19270000 3 0
19280000 3 0
19290000 3 0
19300000 3 0
19310000 3 0
19320000 3 0
19330000 3 0
19340000 3 0
19350000 3 0
19360000 3 0
19370000 3 0
19380000 3 0
19390000 3 0
19400000 3 0
19410000 3 0
19420000 3 0
19430000 3 0
19440000 3 0
19450000 3 0
19460000 3 0
19470000 3 0
19480000 3 0
19490000 3 0
19500000 3 0
19510000 3 0
19520000 3 0
19530000 3 0
19540000 3 0
19550000 3 0
19560000 3 0
19570000 3 0
19580000 3 0
19590000 3 0
19600000 3 0
19610000 3 0
19620000 3 0
19630000 3 0
19640000 3 0
19650000 3 0
19660000 3 0
19670000 3 0
19680000 3 0
19690000 3 0
19700000 3 0
19710000 3 0
19720000 3 0
19730000 3 0
19740000 3 0
19750000 3 0
19760000 3 0
19770000 3 0
19780000 3 0
19790000 3 0
19800000 3 0
19810000 3 0
19820000 3 0
19830000 3 0
19840000 3 0
19850000 3 0
19860000 3 0
19870000 3 0
19880000 3 0
19890000 3 0
19900000 3 0
19910000 3 0
19920000 3 0
19930000 3 0
19940000 3 0
19950000 3 0
19960000 3 0
19970000 3 0
19980000 3 0
19990000 3 0
20000000 2 0
20010000 2 0
20020000 2 0
20030000 2 0
20040000 2 0
20050000 2 0
20060000 2 0
20070000 2 0
20080000 2 0
20090000 2 0
20100000 2 0
20110000 2 0
20120000 2 0
20130000 2 0
20140000 2 0
20150000 2 0
20160000 2 0
20170000 2 0
20180000 2 0
20190000 2 0
20200000 2 0
20210000 2 0
20220000 2 0
20230000 2 0
20240000 2 0
20250000 2 0
20260000 2 0
20270000 2 0
20280000 2 0
20290000 2 0
20300000 2 0
20310000 2 0
20320000 2 0
20330000 2 0
20340000 2 0
20350000 2 0
20360000 2 0
20370000 2 0
20380000 2 0
20390000 2 0
20400000 2 0
20410000 2 0
20420000 2 0
20430000 2 0
20440000 2 0
20450000 2 0
20460000 2 0
20470000 2 0
20480000 2 0
20490000 2 0
20500000 2 0
20510000 2 0
20520000 2 0
20530000 2 0
20540000 2 0
20550000 2 0
20560000 2 0
20570000 2 0
20580000 2 0
20590000 2 0
20600000 2 0
20610000 2 0
20620000 2 0
20630000 2 0
20640000 2 0
20650000 2 0
20660000 2 0
20670000 2 0
20680000 2 0
20690000 2 0
20700000 2 0
20710000 2 0
20720000 2 0
20730000 2 0
20740000 2 0
20750000 2 0
20760000 2 0
20770000 2 0
20780000 2 0
20790000 2 0
20800000 2 0
20810000 2 0
20820000 2 0
20830000 2 0
20840000 2 0
20850000 2 0
20860000 2 0
20870000 2 0
20880000 2 0
20890000 2 0
20900000 2 0
20910000 2 0
20920000 2 0
20930000 2 0
20940000 2 0
20950000 2 0
20960000 2 0
20970000 2 0
20980000 2 0
20990000 2 0
21000000 1 0
21010000 1 0
21020000 1 0
21030000 1 0
21040000 1 0
21050000 1 0
21060000 1 0
21070000 1 0
21080000 1 0
21090000 1 0
21100000 1 0
21110000 1 0
21120000 1 0
21130000 1 0
21140000 1 0
21150000 1 0
21160000 1 0
21170000 1 0
21180000 1 0
21190000 1 0
21200000 1 0
21210000 1 0
21220000 1 0
21230000 1 0
21240000 1 0
21250000 1 0
21260000 1 0
21270000 1 0
21280000 1 0
21290000 1 0
21300000 1 0
21310000 1 0
21320000 1 0
21330000 1 0
21340000 1 0
21350000 1 0
21360000 1 0
21370000 1 0
21380000 1 0
21390000 1 0
21400000 1 0
21410000 1 0
21420000 1 0
21430000 1 0
21440000 1 0
21450000 1 0
21460000 1 0
21470000 1 0
21480000 1 0
21490000 1 0
21500000 1 0
21510000 1 0
21520000 1 0
21530000 1 0
21540000 1 0
21550000 1 0
21560000 1 0
21570000 1 0
21580000 1 0
21590000 1 0
21600000 1 0
21610000 1 0
21620000 1 0
21630000 1 0
21640000 1 0
21650000 1 0
21660000 1 0
21670000 1 1
21680000 1 0
21690000 1 0
21700000 1 0
21710000 1 0
21720000 1 0
21730000 1 0
21740000 1 0
21750000 1 0
21760000 1 0
21770000 1 0
21780000 1 0
21790000 1 0
21800000 1 0
21810000 1 0
21820000 1 0
21830000 1 0
21840000 1 0
21850000 1 0
21860000 1 0
21870000 1 0
21880000 1 0
21890000 1 0
21900000 1 0
21910000 1 0
21920000 1 0
21930000 1 0
21940000 1 0
21950000 1 0
21960000 1 0
21970000 1 0
21980000 1 0
21990000 1 0
22000000 1 0
22010000 1 0
22020000 1 0
22030000 1 0
22040000 1 0
22050000 1 0
22060000 1 0
22070000 1 0
22080000 1 0
22090000 1 0
22100000 1 0
22110000 1 0
22120000 1 0
22130000 1 0
22140000 1 0
22150000 1 0
22160000 1 0
22170000 1 0
22180000 1 0
22190000 1 0
22200000 1 0
22210000 1 0
22220000 1 0
22230000 1 0
22240000 1 0
22250000 1 0
22260000 1 0
22270000 1 0
22280000 1 0
22290000 1 0
22300000 1 0
22310000 1 1
22320000 1 0
22330000 1 0
22340000 1 0
22350000 1 0
22360000 1 0
22370000 1 0
22380000 1 0
22390000 1 0
22400000 1 0
22410000 1 0
22420000 1 0
22430000 1 0
22440000 1 0
22450000 1 0
22460000 1 0
22470000 1 0
22480000 1 0
22490000 1 0
22500000 1 0
22510000 1 0
22520000 1 0
22530000 1 0
22540000 1 0
22550000 1 0
22560000 1 0
22570000 1 0
22580000 1 0
22590000 1 0
22600000 1 0
22610000 1 0
22620000 1 0
22630000 1 0
22640000 1 0
22650000 1 0
22660000 1 0
22670000 1 0
22680000 1 0
22690000 1 0
22700000 1 0
22710000 1 0
22720000 1 0
22730000 1 0
22740000 1 0
22750000 1 0
22760000 1 0
22770000 1 0
22780000 1 0
22790000 1 0
22800000 1 0
22810000 1 0
22820000 1 0
22830000 1 0
22840000 1 0
22850000 1 0
22860000 1 0
22870000 1 0
22880000 1 0
22890000 1 0
22900000 1 0
22910000 1 0
22920000 1 0
22930000 1 0
22940000 1 0
22950000 1 0
22960000 1 0
22970000 1 0
22980000 1 0
22990000 1 0
23000000 1 0
23010000 1 0
23020000 1 0
23030000 1 0
23040000 1 0
23050000 1 0
23060000 1 0
23070000 1 0
23080000 1 0
23090000 1 0
23100000 1 0
23110000 1 0
23120000 1 0
23130000 1 0
23140000 1 0
23150000 1 0
23160000 1 0
23170000 1 0
23180000 1 0
23190000 1 0
23200000 1 0
23210000 1 0
23220000 1 0
23230000 1 0
23240000 1 0
23250000 1 0
23260000 1 0
23270000 1 0
23280000 1 0
23290000 1 0
23300000 1 0
23310000 1 0
23320000 1 0
23330000 1 0
23340000 1 0
23350000 1 0
23360000 1 0
23370000 1 0
23380000 1 0
23390000 1 0
23400000 1 0
23410000 1 0
23420000 1 0
23430000 1 0
23440000 1 0
23450000 1 0
23460000 1 0
23470000 1 0
23480000 1 0
23490000 1 0
23500000 1 0
23510000 1 0
23520000 1 0
23530000 1 0
23540000 1 0
23550000 1 0
23560000 1 0
23570000 1 0
23580000 1 0
23590000 1 0
23600000 1 0
23610000 1 0
23620000 1 0
23630000 1 0
23640000 1 0
23650000 1 0
23660000 1 0
23670000 1 0
23680000 1 0
23690000 1 0
23700000 1 0
23710000 1 0
23720000 1 0
23730000 1 0
23740000 1 0
23750000 1 0
23760000 1 0
23770000 1 0
23780000 1 0
23790000 1 0
23800000 1 0
23810000 1 0
23820000 1 0
23830000 1 0
23840000 1 0
23850000 1 0
23860000 1 0
23870000 1 0
23880000 1 0
23890000 1 0
23900000 1 0
23910000 1 0
23920000 1 0
23930000 1 0
23940000 1 0
23950000 1 0
23960000 1 0
23970000 1 0
23980000 1 0
23990000 1 0
24000000 1 0
24010000 1 0
24020000 1 0
24030000 1 0
24040000 1 0
24050000 1 0
24060000 1 0
24070000 1 0
24080000 1 0
24090000 1 0
24100000 1 0
24110000 1 0
24120000 1 0
24130000 1 0
24140000 1 0
24150000 1 0
24160000 1 0
24170000 1 0
24180000 1 0
24190000 1 0
24200000 1 0
24210000 1 0
24220000 1 0
24230000 1 0
24240000 1 0
24250000 1 0
24260000 1 0
24270000 1 0
24280000 1 0
24290000 1 0
24300000 1 0
24310000 1 0
24320000 1 0
24330000 1 0
24340000 1 0
24350000 1 0
24360000 1 0
24370000 1 0
24380000 1 0
24390000 1 0
24400000 1 0
24410000 1 0
24420000 1 0
24430000 1 0
24440000 1 0
24450000 1 0
24460000 1 0
24470000 1 0
24480000 1 0
24490000 1 0
24500000 1 0
24510000 1 0
24520000 1 0
24530000 1 0
24540000 1 0
24550000 1 0
24560000 1 0
24570000 1 0
24580000 1 0
24590000 1 0
24600000 1 0
24610000 1 0
24620000 1 0
24630000 1 0
24640000 1 0
24650000 1 0
24660000 1 0
24670000 1 0
24680000 1 0
24690000 1 0
24700000 1 0
24710000 1 0
24720000 1 0
24730000 1 0
24740000 1 0
24750000 1 0
24760000 1 0
24770000 1 0
24780000 1 0
24790000 1 0
24800000 1 0
24810000 1 0
24820000 1 0
24830000 1 0
24840000 1 0
24850000 1 0
24860000 1 0
24870000 1 0
24880000 1 0
24890000 1 0
24900000 1 0
24910000 1 0
24920000 1 0
24930000 1 0
24940000 1 0
24950000 1 0
24960000 1 0
24970000 1 0
24980000 1 0
24990000 1 0
25000000 1 0
25010000 1 0
25020000 1 0
25030000 1 0
25040000 1 0
25050000 1 0
25060000 1 0
25070000 1 0
25080000 1 0
25090000 1 0
25100000 1 0
25110000 1 0
25120000 1 0
25130000 1 0
25140000 1 0
25150000 1 0
25160000 1 0
25170000 1 0
25180000 1 0
25190000 1 0
25200000 1 0
25210000 1 0
25220000 1 0
25230000 1 0
25240000 1 0
25250000 1 0
25260000 1 0
25270000 1 0
25280000 1 0
25290000 1 0
25300000 1 0
25310000 1 0
25320000 1 0
25330000 1 0
25340000 1 0
25350000 1 0
25360000 1 0
25370000 1 0
25380000 1 0
25390000 1 0
25400000 1 0
25410000 1 0
25420000 1 0
25430000 1 0
25440000 1 0
25450000 1 0
25460000 1 0
25470000 1 0
25480000 1 0
25490000 1 0
25500000 1 0
25510000 1 0
25520000 1 0
25530000 1 0
25540000 1 0
25550000 1 0
25560000 1 0
25570000 1 0
25580000 1 0
25590000 1 0
25600000 1 0
25610000 1 0
25620000 1 0
25630000 1 0
25640000 1 0
25650000 1 0
25660000 1 0
25670000 1 0
25680000 1 0
25690000 1 0
25700000 1 0
25710000 1 0
25720000 1 0
25730000 1 0
25740000 1 0
25750000 1 0
25760000 1 0
25770000 1 0
25780000 1 0
25790000 1 0
25800000 1 0
25810000 1 0
25820000 1 0
25830000 1 0
25840000 1 0
25850000 1 0
25860000 1 0
25870000 1 0
25880000 1 0
25890000 1 0
25900000 1 0
25910000 1 0
25920000 1 0
25930000 1 0
25940000 1 0
25950000 1 0
25960000 1 0
25970000 1 0
25980000 1 0
25990000 1 0
26000000 1 0
26010000 1 0
26020000 1 0
26030000 1 0
26040000 1 0
26050000 1 0
26060000 1 0
26070000 1 0
26080000 1 0
26090000 1 0
26100000 1 0
26110000 1 0
26120000 1 0
26130000 1 0
26140000 1 0
26150000 1 0
26160000 1 0
26170000 1 0
26180000 1 0
26190000 1 0
26200000 1 0
26210000 1 0
26220000 1 0
26230000 1 0
26240000 1 0
26250000 1 0
26260000 1 0
26270000 1 0
26280000 1 0
26290000 1 0
26300000 1 0
26310000 1 0
26320000 1 0
26330000 1 0
26340000 1 0
26350000 1 0
26360000 1 0
26370000 1 0
26380000 1 0
26390000 1 0
26400000 1 0
26410000 1 0
26420000 1 0
26430000 1 0
26440000 1 0
26450000 1 0
26460000 1 0
26470000 1 0
26480000 1 0
26490000 1 0
26500000 1 0
26510000 1 0
26520000 1 0
26530000 1 0
26540000 1 0
26550000 1 0
26560000 1 0
26570000 1 0
26580000 1 0
26590000 1 0
26600000 1 0
26610000 1 0
26620000 1 0
26630000 1 0
26640000 1 0
26650000 1 0
26660000 1 0
26670000 1 0
26680000 1 0
26690000 1 0
26700000 1 0
26710000 1 0
26720000 1 0
26730000 1 0
26740000 1 0
26750000 1 0
26760000 1 0
26770000 1 0
26780000 1 0
26790000 1 0
26800000 1 0
26810000 1 0
26820000 1 0
26830000 1 0
26840000 1 0
26850000 1 0
26860000 1 0
26870000 1 0
26880000 1 0
26890000 1 0
26900000 1 0
26910000 1 0
26920000 1 0
26930000 1 0
26940000 1 0
26950000 1 0
26960000 1 0
26970000 1 0
26980000 1 0
26990000 1 0
27000000 1 0
27010000 1 0
27020000 1 1
27030000 1 0
27040000 1 0
27050000 1 0
27060000 1 0
27070000 1 0
27080000 1 0
27090000 1 0
27100000 1 0
27110000 1 0
27120000 1 0
27130000 1 0
27140000 1 0
27150000 1 0
27160000 1 0
27170000 1 0
27180000 1 0
27190000 1 0
27200000 1 0
27210000 1 0
27220000 1 0
27230000 1 0
27240000 1 0
27250000 1 0
27260000 1 0
27270000 1 0
27280000 1 0
27290000 1 0
27300000 1 0
27310000 1 0
27320000 1 0
27330000 1 0
27340000 1 0
27350000 1 0
27360000 1 0
27370000 1 0
27380000 1 0
27390000 1 0
27400000 1 0
27410000 1 0
27420000 1 0
27430000 1 0
27440000 1 0
27450000 1 0
27460000 1 0
27470000 1 0
27480000 1 0
27490000 1 0
27500000 1 0
27510000 1 0
27520000 1 0
27530000 1 0
27540000 1 0
27550000 1 0
27560000 1 0
27570000 1 0
27580000 1 0
27590000 1 0
27600000 1 0
27610000 1 0
27620000 1 0
27630000 1 0
27640000 1 0
27650000 1 0
27660000 1 0
27670000 1 0
27680000 1 0
27690000 1 0
27700000 1 0
27710000 1 0
27720000 1 0
27730000 1 0
27740000 1 0
27750000 1 0
27760000 1 0
27770000 1 0
27780000 1 0
27790000 1 0
27800000 1 0
27810000 1 0
27820000 1 0
27830000 1 0
27840000 1 0
27850000 1 0
27860000 1 0
27870000 1 0
27880000 1 0
27890000 1 0
27900000 1 0
27910000 1 0
27920000 1 0
27930000 1 0
27940000 1 0
27950000 1 0
27960000 1 0
27970000 1 0
27980000 1 0
27990000 1 0
28000000 1 0
28010000 1 0
28020000 1 0
28030000 1 0
28040000 1 0
28050000 1 0
28060000 1 0
28070000 1 0
28080000 1 0
28090000 1 0
28100000 1 0
28110000 1 0
28120000 1 0
28130000 1 0
28140000 1 0
28150000 1 0
28160000 1 0
28170000 1 0
28180000 1 0
28190000 1 0
28200000 1 0
28210000 1 0
28220000 1 0
28230000 1 0
28240000 1 0
28250000 1 0
28260000 1 0
28270000 1 0
28280000 1 0
28290000 1 0
28300000 1 0
28310000 1 0
28320000 1 0
28330000 1 0
28340000 1 0
28350000 1 0
28360000 1 0
28370000 1 0
28380000 1 0
28390000 1 0
28400000 1 0
28410000 1 0
28420000 1 0
28430000 1 0
28440000 1 0
28450000 1 0
28460000 1 0
28470000 1 0
28480000 1 0
28490000 1 0
28500000 1 0
28510000 1 0
28520000 1 0
28530000 1 0
28540000 1 0
28550000 1 0
28560000 1 0
28570000 1 0
28580000 1 0
28590000 1 0
28600000 1 0
28610000 1 0
28620000 1 0
28630000 1 0
28640000 1 0
28650000 1 0
28660000 1 0
28670000 1 0
28680000 1 0
28690000 1 0
28700000 1 0
28710000 1 0
28720000 1 0
28730000 1 0
28740000 1 0
28750000 1 0
28760000 1 0
28770000 1 0
28780000 1 0
28790000 1 0
28800000 1 0
28810000 1 0
28820000 1 0
28830000 1 0
28840000 1 0
28850000 1 0
28860000 1 0
28870000 1 0
28880000 1 0
28890000 1 0
28900000 1 0
28910000 1 0
28920000 1 0
28930000 1 0
28940000 1 0
28950000 1 0
28960000 1 0
28970000 1 0
28980000 1 0
28990000 1 0
29000000 1 0
29010000 1 0
29020000 1 0
29030000 1 0
29040000 1 0
29050000 1 0
29060000 1 0
29070000 1 0
29080000 1 0
29090000 1 0
29100000 1 0
29110000 1 0
29120000 1 0
29130000 1 0
29140000 1 0
29150000 1 0
29160000 1 0
29170000 1 0
29180000 1 0
29190000 1 0
29200000 1 0
29210000 1 0
29220000 1 0
29230000 1 0
29240000 1 0
29250000 1 0
29260000 1 0
29270000 1 0
29280000 1 0
29290000 1 0
29300000 1 0
29310000 1 0
29320000 1 0
29330000 1 0
29340000 1 0
29350000 1 0
29360000 1 0
29370000 1 0
29380000 1 0
29390000 1 0
29400000 1 0
29410000 1 0
29420000 1 0
29430000 1 0
29440000 1 0
29450000 1 0
29460000 1 0
29470000 1 0
29480000 1 0
29490000 1 0
29500000 1 0
29510000 1 0
29520000 1 0
29530000 1 0
29540000 1 0
29550000 1 0
29560000 1 0
29570000 1 0
29580000 1 0
29590000 1 0
29600000 1 0
29610000 1 0
29620000 1 0
29630000 1 0
29640000 1 0
29650000 1 0
29660000 1 0
29670000 1 0
29680000 1 0
29690000 1 0
29700000 1 0
29710000 1 0
29720000 1 0
29730000 1 0
29740000 1 0
29750000 1 0
29760000 1 0
29770000 1 0
29780000 1 0
29790000 1 0
29800000 1 0
29810000 1 0
29820000 1 0
29830000 1 0
29840000 1 0
29850000 1 0
29860000 1 0
29870000 1 0
29880000 1 0
29890000 1 0
29900000 1 0
29910000 1 0
29920000 1 0
29930000 1 0
29940000 1 0
29950000 1 0
29960000 1 0
29970000 1 1
29980000 1 0
29990000 1 0
30000000 1 0
30010000 1 0
30020000 1 0
30030000 1 0
30040000 1 0
30050000 1 0
30060000 1 0
30070000 1 0
30080000 1 0
30090000 1 0
30100000 1 0
30110000 1 0
30120000 1 0
30130000 1 0
30140000 1 0
30150000 1 0
30160000 1 0
30170000 1 0
30180000 1 0
30190000 1 0
30200000 1 0
30210000 1 0
30220000 1 0
30230000 1 0
30240000 1 0
30250000 1 0
30260000 1 0
30270000 1 0
30280000 1 0
30290000 1 0
30300000 1 0
30310000 1 0
30320000 1 0
30330000 1 0
30340000 1 0
30350000 1 0
30360000 1 0
30370000 1 0
30380000 1 0
30390000 1 0
30400000 1 0
30410000 1 0
30420000 1 0
30430000 1 0
30440000 1 0
30450000 1 0
30460000 1 0
30470000 1 0
30480000 1 0
30490000 1 0
30500000 1 0
30510000 1 0
30520000 1 0
30530000 1 0
30540000 1 0
30550000 1 0
30560000 1 0
30570000 1 0
30580000 1 0
30590000 1 0
30600000 1 0
30610000 1 0
30620000 1 0
30630000 1 0
30640000 1 0
30650000 1 0
30660000 1 0
30670000 1 0
30680000 1 0
30690000 1 0
30700000 1 0
30710000 1 0
30720000 1 0
30730000 1 0
30740000 1 0
30750000 1 0
30760000 1 0
30770000 1 0
30780000 1 0
30790000 1 0
30800000 1 0
30810000 1 0
30820000 1 0
30830000 1 0
30840000 1 0
30850000 1 0
30860000 1 0
30870000 1 0
30880000 1 0
30890000 1 0
30900000 1 0
30910000 1 0
30920000 1 0
30930000 1 0
30940000 1 0
30950000 1 0
30960000 1 0
30970000 1 0
30980000 1 0
30990000 1 0
31000000 1 0
31010000 1 0
31020000 1 0
31030000 1 0
31040000 1 0
31050000 1 0
31060000 1 0
31070000 1 0
31080000 1 0
31090000 1 0
31100000 1 0
31110000 1 0
31120000 1 0
31130000 1 0
31140000 1 0
31150000 1 0
31160000 1 0
31170000 1 0
31180000 1 0
31190000 1 0
31200000 1 0
31210000 1 0
31220000 1 0
31230000 1 0
31240000 1 0
31250000 1 0
31260000 1 0
31270000 1 0
31280000 1 0
31290000 1 0
31300000 1 0
31310000 1 0
31320000 1 0
31330000 1 0
31340000 1 0
31350000 1 0
31360000 1 0
31370000 1 0
31380000 1 0
31390000 1 0
31400000 1 0
31410000 1 0
31420000 1 0
31430000 1 0
31440000 1 0
31450000 1 0
31460000 1 0
31470000 1 0
31480000 1 0
31490000 1 0
31500000 1 0
31510000 1 0
31520000 1 0
31530000 1 0
31540000 1 0
31550000 1 0
31560000 1 0
31570000 1 0
31580000 1 0
31590000 1 0
31600000 1 0
31610000 1 0
31620000 1 0
31630000 1 0
31640000 1 0
31650000 1 0
31660000 1 0
31670000 1 0
31680000 1 0
31690000 1 0
31700000 1 0
31710000 1 0
31720000 1 0
31730000 1 0
31740000 1 0
31750000 1 0
31760000 1 0
31770000 1 0
31780000 1 0
31790000 1 0
31800000 1 0
31810000 1 0
31820000 1 0
31830000 1 0
31840000 1 0
31850000 1 0
31860000 1 0
31870000 1 0
31880000 1 0
31890000 1 0
31900000 1 0
31910000 1 0
31920000 1 0
31930000 1 0
31940000 1 0
31950000 1 0
31960000 1 0
31970000 1 0
31980000 1 0
31990000 1 0
32000000 1 0
32010000 1 0
32020000 1 0
32030000 1 0
32040000 1 0
32050000 1 0
32060000 1 0
32070000 1 0
32080000 1 0
32090000 1 0
32100000 1 0
32110000 1 0
32120000 1 0
32130000 1 0
32140000 1 0
32150000 1 0
32160000 1 0
32170000 1 0
32180000 1 0
32190000 1 0
32200000 1 0
32210000 1 0
32220000 1 0
32230000 1 0
32240000 1 0
32250000 1 0
32260000 1 0
32270000 1 0
32280000 1 0
32290000 1 0
32300000 1 0
32310000 1 0
32320000 1 0
32330000 1 0
32340000 1 0
32350000 1 0
32360000 1 0
32370000 1 0
32380000 1 0
32390000 1 0
32400000 1 0
32410000 1 0
32420000 1 0
32430000 1 0
32440000 1 0
32450000 1 0
32460000 1 0
32470000 1 0
32480000 1 0
32490000 1 0
32500000 1 0
32510000 1 0
32520000 1 0
32530000 1 0
32540000 1 0
32550000 1 0
32560000 1 0
32570000 1 0
32580000 1 0
32590000 1 0
32600000 1 0
32610000 1 0
32620000 1 0
32630000 1 0
32640000 1 0
32650000 1 0
32660000 1 0
32670000 1 0
32680000 1 0
32690000 1 0
32700000 1 0
32710000 1 0
32720000 1 0
32730000 1 0
32740000 1 0
32750000 1 0
32760000 1 0
32770000 1 0
32780000 1 0
32790000 1 0
32800000 1 0
32810000 1 0
32820000 1 0
32830000 1 0
32840000 1 0
32850000 1 0
32860000 1 0
32870000 1 0
32880000 1 0
32890000 1 0
32900000 1 0
32910000 1 0
32920000 1 0
32930000 1 0
32940000 1 0
32950000 1 0
32960000 1 0
32970000 1 0
32980000 1 0
32990000 1 0
33000000 1 0
33010000 1 0
33020000 1 0
33030000 1 0
33040000 1 0
33050000 1 0
33060000 1 0
33070000 1 0
33080000 1 0
33090000 1 0
33100000 1 0
33110000 1 0
33120000 1 0
33130000 1 0
33140000 1 0
33150000 1 0
33160000 1 0
33170000 1 0
33180000 1 0
33190000 1 0
33200000 1 0
33210000 1 0
33220000 1 0
33230000 1 0
33240000 1 0
33250000 1 0
33260000 1 0
33270000 1 0
33280000 1 0
33290000 1 0
33300000 1 0
33310000 1 0
33320000 1 0
33330000 1 0
33340000 1 0
33350000 1 0
33360000 1 0
33370000 1 0
33380000 1 0
33390000 1 0
33400000 1 0
33410000 1 0
33420000 1 0
33430000 1 0
33440000 1 0
33450000 1 0
33460000 1 0
33470000 1 0
33480000 1 0
33490000 1 0
33500000 1 0
33510000 1 0
33520000 1 0
33530000 1 0
33540000 1 0
33550000 1 0
33560000 1 0
33570000 1 0
33580000 1 0
33590000 1 0
33600000 1 0
33610000 1 0
33620000 1 0
33630000 1 0
33640000 1 0
33650000 1 0
33660000 1 0
33670000 1 0
33680000 1 0
33690000 1 0
33700000 1 0
33710000 1 0
33720000 1 0
33730000 1 0
33740000 1 0
33750000 1 0
33760000 1 0
33770000 1 0
33780000 1 0
33790000 1 0
33800000 1 0
33810000 1 0
33820000 1 0
33830000 1 0
33840000 1 0
33850000 1 0
33860000 1 0
33870000 1 0
33880000 1 0
33890000 1 0
33900000 1 0
33910000 1 0
33920000 1 0
33930000 1 0
33940000 1 0
33950000 1 0
33960000 1 0
33970000 1 0
33980000 1 0
33990000 1 0
34000000 1 0
34010000 1 0
34020000 1 0
34030000 1 0
34040000 1 0
34050000 1 0
34060000 1 0
34070000 1 0
34080000 1 0
34090000 1 0
34100000 1 0
34110000 1 0
34120000 1 0
34130000 1 0
34140000 1 0
34150000 1 0
34160000 1 0
34170000 1 0
34180000 1 0
34190000 1 0
34200000 1 0
34210000 1 0
34220000 1 0
34230000 1 0
34240000 1 0
34250000 1 0
34260000 1 0
34270000 1 0
34280000 1 0
34290000 1 0
34300000 1 0
34310000 1 0
34320000 1 0
34330000 1 0
34340000 1 0
34350000 1 0
34360000 1 0
34370000 1 0
34380000 1 0
34390000 1 0
34400000 1 0
34410000 1 0
34420000 1 0
34430000 1 0
34440000 1 0
34450000 1 0
34460000 1 0
34470000 1 0
34480000 1 0
34490000 1 0
34500000 1 0
34510000 1 0
34520000 1 0
34530000 1 0
34540000 1 0
34550000 1 0
34560000 1 0
34570000 1 0
34580000 1 0
34590000 1 0
34600000 1 0
34610000 1 0
34620000 1 0
34630000 1 0
34640000 1 0
34650000 1 0
34660000 1 0
34670000 1 0
34680000 1 0
34690000 1 0
34700000 1 0
34710000 1 0
34720000 1 0
34730000 1 0
34740000 1 0
34750000 1 0
34760000 1 0
34770000 1 0
34780000 1 0
34790000 1 0
34800000 1 0
34810000 1 0
34820000 1 0
34830000 1 0
34840000 1 0
34850000 1 0
34860000 1 0
34870000 1 0
34880000 1 0
34890000 1 0
34900000 1 0
34910000 1 0
34920000 1 0
34930000 1 0
34940000 1 0
34950000 1 0
34960000 1 0
34970000 1 0
34980000 1 0
34990000 1 0
35000000 1 0
35010000 1 0
35020000 1 0
35030000 1 0
35040000 1 0
35050000 1 0
35060000 1 0
35070000 1 0
35080000 1 0
35090000 1 0
35100000 1 0
35110000 1 0
35120000 1 0
35130000 1 0
35140000 1 0
35150000 1 0
35160000 1 0
35170000 1 0
35180000 1 0
35190000 1 0
35200000 1 0
35210000 1 0
35220000 1 0
35230000 1 0
35240000 1 0
35250000 1 0
35260000 1 0
35270000 1 0
35280000 1 0
35290000 1 0
35300000 1 0
35310000 1 0
35320000 1 0
35330000 1 0
35340000 1 0
35350000 1 0
35360000 1 0
35370000 1 0
35380000 1 0
35390000 1 0
35400000 1 0
35410000 1 0
35420000 1 0
35430000 1 0
35440000 1 0
35450000 1 0
35460000 1 0
35470000 1 0
35480000 1 0
35490000 1 0
35500000 1 0
35510000 1 0
35520000 1 0
35530000 1 0
35540000 1 0
35550000 1 0
35560000 1 0
35570000 1 0
35580000 1 0
35590000 1 0
35600000 1 0
35610000 1 0
35620000 1 0
35630000 1 0
35640000 1 0
35650000 1 0
35660000 1 0
35670000 1 0
35680000 1 0
35690000 1 0
35700000 1 0
35710000 1 0
35720000 1 0
35730000 1 0
35740000 1 0
35750000 1 0
35760000 1 0
35770000 1 0
35780000 1 0
35790000 1 0
35800000 1 0
35810000 1 0
35820000 1 0
35830000 1 0
35840000 1 0
35850000 1 0
35860000 1 0
35870000 1 0
35880000 1 0
35890000 1 0
35900000 1 0
35910000 1 0
35920000 1 0
35930000 1 0
35940000 1 0
35950000 1 0
35960000 1 0
35970000 1 0
35980000 1 0
35990000 1 0
36000000 1 0
36010000 1 0
36020000 1 0
36030000 1 0
36040000 1 0
36050000 1 0
36060000 1 0
36070000 1 0
36080000 1 0
36090000 1 0
36100000 1 0
36110000 1 0
36120000 1 0
36130000 1 0
36140000 1 0
36150000 1 0
36160000 1 0
36170000 1 0
36180000 1 0
36190000 1 0
36200000 1 0
36210000 1 0
36220000 1 0
36230000 1 0
36240000 1 0
36250000 1 0
36260000 1 0
36270000 1 0
36280000 1 0
36290000 1 0
36300000 1 0
36310000 1 0
36320000 1 0
36330000 1 0
36340000 1 0
36350000 1 0
36360000 1 0
36370000 1 0
36380000 1 0
36390000 1 0
36400000 1 0
36410000 1 0
36420000 1 0
36430000 1 0
36440000 1 0
36450000 1 0
36460000 1 0
36470000 1 0
36480000 1 0
36490000 1 0
36500000 1 0
36510000 1 0
36520000 1 0
36530000 1 0
36540000 1 0
36550000 1 0
36560000 1 0
36570000 1 0
36580000 1 0
36590000 1 0
36600000 1 0
36610000 1 0
36620000 1 0
36630000 1 0
36640000 1 0
36650000 1 0
36660000 1 0
36670000 1 0
36680000 1 0
36690000 1 0
36700000 1 0
36710000 1 0
36720000 1 0
36730000 1 0
36740000 1 0
36750000 1 0
36760000 1 0
36770000 1 0
36780000 1 0
36790000 1 0
36800000 1 0
36810000 1 0
36820000 1 0
36830000 1 0
36840000 1 0
36850000 1 0
36860000 1 0
36870000 1 0
36880000 1 0
36890000 1 0
36900000 1 0
36910000 1 0
36920000 1 0
36930000 1 0
36940000 1 0
36950000 1 0
36960000 1 0
36970000 1 0
36980000 1 0
36990000 1 0
37000000 1 0
37010000 1 0
37020000 1 0
37030000 1 0
37040000 1 0
37050000 1 0
37060000 1 0
37070000 1 0
37080000 1 0
37090000 1 0
37100000 1 0
37110000 1 0
37120000 1 0
37130000 1 0
37140000 1 0
37150000 1 0
37160000 1 0
37170000 1 0
37180000 1 0
37190000 1 0
37200000 1 0
37210000 1 0
37220000 1 0
37230000 1 0
37240000 1 0
37250000 1 0
37260000 1 0
37270000 1 0
37280000 1 0
37290000 1 0
37300000 1 0
37310000 1 0
37320000 1 0
37330000 1 0
37340000 1 0
37350000 1 0
37360000 1 0
37370000 1 0
37380000 1 0
37390000 1 0
37400000 1 0
37410000 1 0
37420000 1 0
37430000 1 0
37440000 1 0
37450000 1 0
37460000 1 0
37470000 1 0
37480000 1 0
37490000 1 0
37500000 1 0
37510000 1 1
37520000 1 0
37530000 1 0
37540000 1 0
37550000 1 0
37560000 1 0
37570000 1 0
37580000 1 0
37590000 1 0
37600000 1 0
37610000 1 0
37620000 1 0
37630000 1 0
37640000 1 0
37650000 1 0
37660000 1 0
37670000 1 0
37680000 1 0
37690000 1 0
37700000 1 0
37710000 1 0
37720000 1 0
37730000 1 0
37740000 1 0
37750000 1 0
37760000 1 0
37770000 1 0
37780000 1 0
37790000 1 0
37800000 1 0
37810000 1 0
37820000 1 0
37830000 1 0
37840000 1 0
37850000 1 0
37860000 1 0
37870000 1 0
37880000 1 0
37890000 1 0
37900000 1 0
37910000 1 0
37920000 1 0
37930000 1 0
37940000 1 0
37950000 1 0
37960000 1 0
37970000 1 0
37980000 1 0
37990000 1 0
38000000 1 0
38010000 1 0
38020000 1 0
38030000 1 0
38040000 1 0
38050000 1 0
38060000 1 0
38070000 1 0
38080000 1 0
38090000 1 0
38100000 1 0
38110000 1 0
38120000 1 0
38130000 1 0
38140000 1 0
38150000 1 0
38160000 1 0
38170000 1 0
38180000 1 0
38190000 1 0
38200000 1 0
38210000 1 0
38220000 1 0
38230000 1 0
38240000 1 0
38250000 1 0
38260000 1 0
38270000 1 0
38280000 1 0
38290000 1 0
38300000 1 0
38310000 1 0
38320000 1 0
38330000 1 0
38340000 1 0
38350000 1 0
38360000 1 0
38370000 1 0
38380000 1 0
38390000 1 0
38400000 1 0
38410000 1 0
38420000 1 0
38430000 1 0
38440000 1 0
38450000 1 0
38460000 1 0
38470000 1 0
38480000 1 0
38490000 1 0
38500000 1 0
38510000 1 0
38520000 1 0
38530000 1 0
38540000 1 0
38550000 1 0
38560000 1 0
38570000 1 0
38580000 1 0
38590000 1 0
38600000 1 0
38610000 1 0
38620000 1 0
38630000 1 0
38640000 1 0
38650000 1 0
38660000 1 0
38670000 1 0
38680000 1 0
38690000 1 0
38700000 1 0
38710000 1 0
38720000 1 1
38730000 1 0
38740000 1 0
38750000 1 0
38760000 1 0
38770000 1 0
38780000 1 0
38790000 1 0
38800000 1 0
38810000 1 0
38820000 1 0
38830000 1 0
38840000 1 0
38850000 1 0
38860000 1 0
38870000 1 0
38880000 1 0
38890000 1 0
38900000 1 0
38910000 1 0
38920000 1 0
38930000 1 0
38940000 1 0
38950000 1 0
38960000 1 0
38970000 1 0
38980000 1 0
38990000 1 0
39000000 1 0
39010000 1 0
39020000 1 0
39030000 1 0
39040000 1 0
39050000 1 0
39060000 1 0
39070000 1 0
39080000 1 0
39090000 1 0
39100000 1 0
39110000 1 0
39120000 1 0
39130000 1 0
39140000 1 0
39150000 1 0
39160000 1 0
39170000 1 0
39180000 1 0
39190000 1 0
39200000 1 0
39210000 1 0
39220000 1 0
39230000 1 0
39240000 1 0
39250000 1 0
39260000 1 0
39270000 1 0
39280000 1 0
39290000 1 0
39300000 1 0
39310000 1 0
39320000 1 0
39330000 1 0
39340000 1 0
39350000 1 0
39360000 1 0
39370000 1 0
39380000 1 0
39390000 1 0
39400000 1 0
39410000 1 0
39420000 1 0
39430000 1 0
39440000 1 0
39450000 1 0
39460000 1 0
39470000 1 0
39480000 1 0
39490000 1 0
39500000 1 0
39510000 1 0
39520000 1 0
39530000 1 0
39540000 1 0
39550000 1 0
39560000 1 0
39570000 1 0
39580000 1 0
39590000 1 0
39600000 1 0
39610000 1 0
39620000 1 0
39630000 1 0
39640000 1 0
39650000 1 0
39660000 1 0
39670000 1 0
39680000 1 0
39690000 1 0
39700000 1 0
39710000 1 0
39720000 1 0
39730000 1 0
39740000 1 0
39750000 1 0
39760000 1 0
39770000 1 0
39780000 1 0
39790000 1 0
39800000 1 0
39810000 1 0
39820000 1 0
39830000 1 0
39840000 1 0
39850000 1 0
39860000 1 0
39870000 1 0
39880000 1 0
39890000 1 0
39900000 1 0
39910000 1 0
39920000 1 0
39930000 1 0
39940000 1 0
39950000 1 0
39960000 1 0
39970000 1 0
39980000 1 0
39990000 1 0
40000000 1 0
40010000 1 0
40020000 1 0
40030000 1 0
40040000 1 0
40050000 1 0
40060000 1 0
40070000 1 0
40080000 1 0
40090000 1 0
40100000 1 0
40110000 1 0
40120000 1 0
40130000 1 0
40140000 1 0
40150000 1 0
40160000 1 0
40170000 1 0
40180000 1 0
40190000 1 0
40200000 1 0
40210000 1 0
40220000 1 0
40230000 1 0
40240000 1 0
40250000 1 0
40260000 1 0
40270000 1 0
40280000 1 0
40290000 1 0
40300000 1 0
40310000 1 0
40320000 1 0
40330000 1 0
40340000 1 0
40350000 1 0
40360000 1 0
40370000 1 0
40380000 1 0
40390000 1 0
40400000 1 0
40410000 1 0
40420000 1 0
40430000 1 0
40440000 1 0
40450000 1 0
40460000 1 0
40470000 1 0
40480000 1 0
40490000 1 0
40500000 1 0
40510000 1 0
40520000 1 0
40530000 1 0
40540000 1 0
40550000 1 0
40560000 1 0
40570000 1 0
40580000 1 0
40590000 1 0
40600000 1 0
40610000 1 0
40620000 1 0
40630000 1 0
40640000 1 0
40650000 1 0
40660000 1 0
40670000 1 0
40680000 1 0
40690000 1 0
40700000 1 0
40710000 1 0
40720000 1 0
40730000 1 0
40740000 1 0
40750000 1 0
40760000 1 0
40770000 1 0
40780000 1 0
40790000 1 0
40800000 1 0
40810000 1 0
40820000 1 0
40830000 1 0
40840000 1 0
40850000 1 0
40860000 1 0
40870000 1 0
40880000 1 0
40890000 1 0
40900000 1 0
40910000 1 0
40920000 1 0
40930000 1 0
40940000 1 0
40950000 1 0
40960000 1 0
40970000 1 0
40980000 1 0
40990000 1 0
41000000 1 0
41010000 1 0
41020000 1 0
41030000 1 0
41040000 1 0
41050000 1 0
41060000 1 0
41070000 1 0
41080000 1 0
41090000 1 0
41100000 1 0
41110000 1 0
41120000 1 0
41130000 1 0
41140000 1 0
41150000 1 0
41160000 1 0
41170000 1 0
41180000 1 0
41190000 1 0
41200000 1 0
41210000 1 0
41220000 1 0
41230000 1 0
41240000 1 0
41250000 1 0
41260000 1 0
41270000 1 0
41280000 1 0
41290000 1 0
41300000 1 0
41310000 1 0
41320000 1 0
41330000 1 0
41340000 1 0
41350000 1 0
41360000 1 0
41370000 1 0
41380000 1 0
41390000 1 0
41400000 1 0
41410000 1 0
41420000 1 0
41430000 1 0
41440000 1 0
41450000 1 0
41460000 1 0
41470000 1 0
41480000 1 0
41490000 1 0
41500000 1 0
41510000 1 0
41520000 1 0
41530000 1 0
41540000 1 0
41550000 1 0
41560000 1 0
41570000 1 0
41580000 1 0
41590000 1 0
41600000 1 0
41610000 1 0
41620000 1 0
41630000 1 0
41640000 1 0
41650000 1 0
41660000 1 0
41670000 1 0
41680000 1 0
41690000 1 0
41700000 1 0
41710000 1 0
41720000 1 0
41730000 1 0
41740000 1 0
41750000 1 0
41760000 1 0
41770000 1 0
41780000 1 0
41790000 1 0
41800000 1 0
41810000 1 0
41820000 1 0
41830000 1 0
41840000 1 0
41850000 1 0
41860000 1 0
41870000 1 0
41880000 1 0
41890000 1 0
41900000 1 0
41910000 1 0
41920000 1 0
41930000 1 0
41940000 1 0
41950000 1 0
41960000 1 0
41970000 1 0
41980000 1 0
41990000 1 0
42000000 1 0
42010000 1 0
42020000 1 0
42030000 1 0
42040000 1 0
42050000 1 0
42060000 1 0
42070000 1 0
42080000 1 0
42090000 1 0
42100000 1 0
42110000 1 0
42120000 1 0
42130000 1 0
42140000 1 0
42150000 1 0
42160000 1 0
42170000 1 0
42180000 1 0
42190000 1 0
42200000 1 0
42210000 1 0
42220000 1 0
42230000 1 0
42240000 1 0
42250000 1 0
42260000 1 0
42270000 1 0
42280000 1 0
42290000 1 0
42300000 1 0
42310000 1 0
42320000 1 0
42330000 1 0
42340000 1 0
42350000 1 0
42360000 1 0
42370000 1 0
42380000 1 0
42390000 1 0
42400000 1 0
42410000 1 0
42420000 1 0
42430000 1 0
42440000 1 0
42450000 1 0
42460000 1 0
42470000 1 0
42480000 1 0
42490000 1 0
42500000 1 0
42510000 1 0
42520000 1 0
42530000 1 0
42540000 1 0
42550000 1 0
42560000 1 0
42570000 1 0
42580000 1 0
42590000 1 0
42600000 1 0
42610000 1 0
42620000 1 0
42630000 1 0
42640000 1 0
42650000 1 0
42660000 1 0
42670000 1 0
42680000 1 0
42690000 1 0
42700000 1 0
42710000 1 0
42720000 1 0
42730000 1 0
42740000 1 0
42750000 1 0
42760000 1 0
42770000 1 0
42780000 1 0
42790000 1 0
42800000 1 0
42810000 1 0
42820000 1 0
42830000 1 0
42840000 1 0
42850000 1 0
42860000 1 0
42870000 1 0
42880000 1 0
42890000 1 0
42900000 1 0
42910000 1 0
42920000 1 0
42930000 1 0
42940000 1 0
42950000 1 0
42960000 1 0
42970000 1 0
42980000 1 0
42990000 1 0
43000000 1 0
43010000 1 0
43020000 1 0
43030000 1 0
43040000 1 0
43050000 1 0
43060000 1 0
43070000 1 0
43080000 1 0
43090000 1 0
43100000 1 0
43110000 1 0
43120000 1 0
43130000 1 0
43140000 1 0
43150000 1 0
43160000 1 0
43170000 1 0
43180000 1 0
43190000 1 0
43200000 1 0
43210000 1 0
43220000 1 0
43230000 1 0
43240000 1 0
43250000 1 0
43260000 1 0
43270000 1 0
43280000 1 0
43290000 1 0
43300000 1 0
43310000 1 0
43320000 1 0
43330000 1 0
43340000 1 0
43350000 1 0
43360000 1 0
43370000 1 0
43380000 1 0
43390000 1 0
43400000 1 0
43410000 1 0
43420000 1 0
43430000 1 0
43440000 1 0
43450000 1 0
43460000 1 0
43470000 1 0
43480000 1 0
43490000 1 0
43500000 1 0
43510000 1 0
43520000 1 0
43530000 1 0
43540000 1 0
43550000 1 0
43560000 1 0
43570000 1 0
43580000 1 0
43590000 1 0
43600000 1 0
43610000 1 0
43620000 1 0
43630000 1 0
43640000 1 0
43650000 1 0
43660000 1 0
43670000 1 0
43680000 1 0
43690000 1 0
43700000 1 0
43710000 1 0
43720000 1 0
43730000 1 0
43740000 1 0
43750000 1 0
43760000 1 0
43770000 1 0
43780000 1 0
43790000 1 0
43800000 1 0
43810000 1 0
43820000 1 0
43830000 1 0
43840000 1 0
43850000 1 0
43860000 1 0
43870000 1 0
43880000 1 0
43890000 1 0
43900000 1 0
43910000 1 0
43920000 1 0
43930000 1 0
43940000 1 0
43950000 1 0
43960000 1 0
43970000 1 0
43980000 1 0
43990000 1 0
44000000 1 0
44010000 1 0
44020000 1 0
44030000 1 0
44040000 1 0
44050000 1 0
44060000 1 0
44070000 1 0
44080000 1 0
44090000 1 0
44100000 1 0
44110000 1 0
44120000 1 0
44130000 1 0
44140000 1 0
44150000 1 0
44160000 1 0
44170000 1 0
44180000 1 0
44190000 1 0
44200000 1 0
44210000 1 0
44220000 1 0
44230000 1 0
44240000 1 0
44250000 1 0
44260000 1 0
44270000 1 0
44280000 1 0
44290000 1 0
44300000 1 0
44310000 1 0
44320000 1 0
44330000 1 0
44340000 1 0
44350000 1 0
44360000 1 0
44370000 1 0
44380000 1 0
44390000 1 0
44400000 1 0
44410000 1 0
44420000 1 0
44430000 1 0
44440000 1 0
44450000 1 0
44460000 1 0
44470000 1 0
44480000 1 0
44490000 1 0
44500000 1 0
44510000 1 0
44520000 1 0
44530000 1 0
44540000 1 0
44550000 1 0
44560000 1 0
44570000 1 0
44580000 1 0
44590000 1 0
44600000 1 0
44610000 1 0
44620000 1 0
44630000 1 0
44640000 1 0
44650000 1 0
44660000 1 0
44670000 1 0
44680000 1 0
44690000 1 0
44700000 1 0
44710000 1 0
44720000 1 0
44730000 1 0
44740000 1 0
44750000 1 0
44760000 1 0
44770000 1 0
44780000 1 0
44790000 1 0
44800000 1 0
44810000 1 0
44820000 1 0
44830000 1 0
44840000 1 0
44850000 1 0
44860000 1 0
44870000 1 0
44880000 1 0
44890000 1 0
44900000 1 0
44910000 1 0
44920000 1 0
44930000 1 0
44940000 1 0
44950000 1 0
44960000 1 0
44970000 1 0
44980000 1 0
44990000 1 0
45000000 1 0
45010000 1 0
45020000 1 0
45030000 1 0
45040000 1 0
45050000 1 0
45060000 1 0
45070000 1 0
45080000 1 0
45090000 1 0
45100000 1 0
45110000 1 0
45120000 1 0
45130000 1 0
45140000 1 0
45150000 1 0
45160000 1 0
45170000 1 0
45180000 1 0
45190000 1 0
45200000 1 0
45210000 1 0
45220000 1 0
45230000 1 0
45240000 1 0
45250000 1 0
45260000 1 0
45270000 1 0
45280000 1 0
45290000 1 0
45300000 1 0
45310000 1 0
45320000 1 0
45330000 1 0
45340000 1 0
45350000 1 0
45360000 1 0
45370000 1 0
45380000 1 0
45390000 1 0
45400000 1 0
45410000 1 0
45420000 1 0
45430000 1 0
45440000 1 0
45450000 1 0
45460000 1 0
45470000 1 0
45480000 1 0
45490000 1 0
45500000 1 0
45510000 1 0
45520000 1 0
45530000 1 0
45540000 1 0
45550000 1 0
45560000 1 0
45570000 1 0
45580000 1 0
45590000 1 0
45600000 1 0
45610000 1 0
45620000 1 0
45630000 1 1
45640000 1 0
45650000 1 0
45660000 1 0
45670000 1 0
45680000 1 0
45690000 1 0
45700000 1 0
45710000 1 0
45720000 1 0
45730000 1 0
45740000 1 0
45750000 1 0
45760000 1 0
45770000 1 0
45780000 1 0
45790000 1 0
45800000 1 0
45810000 1 0
45820000 1 0
45830000 1 0
45840000 1 0
45850000 1 0
45860000 1 0
45870000 1 0
45880000 1 0
45890000 1 0
45900000 1 0
45910000 1 0
45920000 1 0
45930000 1 0
45940000 1 0
45950000 1 0
45960000 1 0
45970000 1 0
45980000 1 0
45990000 1 0
46000000 1 0
46010000 1 0
46020000 1 0
46030000 1 0
46040000 1 0
46050000 1 0
46060000 1 0
46070000 1 0
46080000 1 0
46090000 1 0
46100000 1 0
46110000 1 0
46120000 1 0
46130000 1 0
46140000 1 0
46150000 1 0
46160000 1 0
46170000 1 0
46180000 1 0
46190000 1 0
46200000 1 0
46210000 1 0
46220000 1 0
46230000 1 0
46240000 1 0
46250000 1 0
46260000 1 0
46270000 1 0
46280000 1 0
46290000 1 0
46300000 1 0
46310000 1 0
46320000 1 0
46330000 1 0
46340000 1 0
46350000 1 0
46360000 1 0
46370000 1 0
46380000 1 0
46390000 1 0
46400000 1 0
46410000 1 0
46420000 1 0
46430000 1 1
46440000 1 0
46450000 1 0
46460000 1 0
46470000 1 0
46480000 1 1
46490000 1 1
46500000 1 0
46510000 1 0
46520000 1 0
46530000 1 0
46540000 1 0
46550000 1 0
46560000 1 0
46570000 1 0
46580000 1 0
46590000 1 0
46600000 1 0
46610000 1 0
46620000 1 0
46630000 1 0
46640000 1 0
46650000 1 0
46660000 1 0
46670000 1 0
46680000 1 0
46690000 1 0
46700000 1 0
46710000 1 0
46720000 1 0
46730000 1 0
46740000 1 0
46750000 1 0
46760000 1 0
46770000 1 0
46780000 1 0
46790000 1 0
46800000 1 0
46810000 1 0
46820000 1 0
46830000 1 0
46840000 1 0
46850000 1 0
46860000 1 0
46870000 1 0
46880000 1 0
46890000 1 0
46900000 1 0
46910000 1 0
46920000 1 0
46930000 1 0
46940000 1 0
46950000 1 0
46960000 1 0
46970000 1 0
46980000 1 0
46990000 1 0
47000000 1 0
47010000 1 0
47020000 1 0
47030000 1 0
47040000 1 0
47050000 1 0
47060000 1 0
47070000 1 0
47080000 1 0
47090000 1 0
47100000 1 0
47110000 1 0
47120000 1 0
47130000 1 0
47140000 1 0
47150000 1 0
47160000 1 0
47170000 1 0
47180000 1 0
47190000 1 0
47200000 1 0
47210000 1 0
47220000 1 0
47230000 1 0
47240000 1 0
47250000 1 0
47260000 1 0
47270000 1 0
47280000 1 0
47290000 1 0
47300000 1 0
47310000 1 0
47320000 1 0
47330000 1 0
47340000 1 0
47350000 1 0
47360000 1 0
47370000 1 0
47380000 1 0
47390000 1 0
47400000 1 0
47410000 1 0
47420000 1 0
47430000 1 0
47440000 1 0
47450000 1 0
47460000 1 0
47470000 1 0
47480000 1 0
47490000 1 0
47500000 1 0
47510000 1 0
47520000 1 0
47530000 1 0
47540000 1 0
47550000 1 0
47560000 1 0
47570000 1 0
47580000 1 0
47590000 1 0
47600000 1 0
47610000 1 0
47620000 1 0
47630000 1 0
47640000 1 0
47650000 1 0
47660000 1 0
47670000 1 0
47680000 1 0
47690000 1 0
47700000 1 0
47710000 1 0
47720000 1 0
47730000 1 0
47740000 1 0
47750000 1 0
47760000 1 0
47770000 1 0
47780000 1 0
47790000 1 0
47800000 1 0
47810000 1 0
47820000 1 0
47830000 1 0
47840000 1 0
47850000 1 0
47860000 1 0
47870000 1 0
47880000 1 0
47890000 1 0
47900000 1 0
47910000 1 0
47920000 1 0
47930000 1 0
47940000 1 0
47950000 1 1
47960000 1 0
47970000 1 0
47980000 1 0
47990000 1 0
48000000 1 0
48010000 1 0
48020000 1 0
48030000 1 0
48040000 1 0
48050000 1 0
48060000 1 0
48070000 1 0
48080000 1 0
48090000 1 0
48100000 1 0
48110000 1 0
48120000 1 0
48130000 1 0
48140000 1 0
48150000 1 0
48160000 1 0
48170000 1 0
48180000 1 0
48190000 1 0
48200000 1 0
48210000 1 0
48220000 1 0
48230000 1 0
48240000 1 0
48250000 1 0
48260000 1 0
48270000 1 0
48280000 1 0
48290000 1 0
48300000 1 0
48310000 1 0
48320000 1 0
48330000 1 0
48340000 1 0
48350000 1 0
48360000 1 0
48370000 1 0
48380000 1 0
48390000 1 0
48400000 1 0
48410000 1 0
48420000 1 0
48430000 1 0
48440000 1 0
48450000 1 0
48460000 1 0
48470000 1 0
48480000 1 0
48490000 1 0
48500000 1 0
48510000 1 0
48520000 1 0
48530000 1 0
48540000 1 0
48550000 1 0
48560000 1 0
48570000 1 0
48580000 1 0
48590000 1 0
48600000 1 0
48610000 1 0
48620000 1 0
48630000 1 0
48640000 1 0
48650000 1 0
48660000 1 0
48670000 1 0
48680000 1 0
48690000 1 0
48700000 1 0
48710000 1 0
48720000 1 0
48730000 1 0
48740000 1 0
48750000 1 0
48760000 1 0
48770000 1 0
48780000 1 0
48790000 1 0
48800000 1 0
48810000 1 0
48820000 1 0
48830000 1 0
48840000 1 0
48850000 1 0
48860000 1 0
48870000 1 0
48880000 1 0
48890000 1 0
48900000 1 0
48910000 1 0
48920000 1 0
48930000 1 0
48940000 1 0
48950000 1 0
48960000 1 0
48970000 1 0
48980000 1 0
48990000 1 0
49000000 1 0
49010000 1 0
49020000 1 0
49030000 1 0
49040000 1 0
49050000 1 0
49060000 1 0
49070000 1 0
49080000 1 0
49090000 1 0
49100000 1 0
49110000 1 0
49120000 1 0
49130000 1 0
49140000 1 0
49150000 1 0
49160000 1 0
49170000 1 0
49180000 1 0
49190000 1 0
49200000 1 0
49210000 1 0
49220000 1 0
49230000 1 0
49240000 1 0
49250000 1 0
49260000 1 0
49270000 1 0
49280000 1 0
49290000 1 0
49300000 1 0
49310000 1 0
49320000 1 0
49330000 1 0
49340000 1 0
49350000 1 0
49360000 1 0
49370000 1 0
49380000 1 0
49390000 1 0
49400000 1 0
49410000 1 0
49420000 1 0
49430000 1 0
49440000 1 0
49450000 1 0
49460000 1 0
49470000 1 0
49480000 1 0
49490000 1 0
49500000 1 0
49510000 1 0
49520000 1 0
49530000 1 0
49540000 1 0
49550000 1 0
49560000 1 0
49570000 1 0
49580000 1 0
49590000 1 0
49600000 1 0
49610000 1 0
49620000 1 0
49630000 1 0
49640000 1 0
49650000 1 0
49660000 1 0
49670000 1 0
49680000 1 0
49690000 1 0
49700000 1 0
49710000 1 0
49720000 1 0
49730000 1 0
49740000 1 0
49750000 1 0
49760000 1 0
49770000 1 0
49780000 1 0
49790000 1 0
49800000 1 0
49810000 1 0
49820000 1 0
49830000 1 0
49840000 1 0
49850000 1 0
49860000 1 0
49870000 1 0
49880000 1 0
49890000 1 1
49900000 1 0
49910000 1 0
49920000 1 0
49930000 1 0
49940000 1 0
49950000 1 0
49960000 1 0
49970000 1 0
49980000 1 0
49990000 1 0
50000000 1 0
50010000 1 0
50020000 1 0
50030000 1 0
50040000 1 0
50050000 1 0
50060000 1 0
50070000 1 0
50080000 1 0
50090000 1 0
50100000 1 0
50110000 1 0
50120000 1 0
50130000 1 0
50140000 1 0
50150000 1 0
50160000 1 0
50170000 1 0
50180000 1 0
50190000 1 0
50200000 1 0
50210000 1 0
50220000 1 0
50230000 1 0
50240000 1 0
50250000 1 0
50260000 1 0
50270000 1 0
50280000 1 0
50290000 1 0
50300000 1 0
50310000 1 0
50320000 1 0
50330000 1 0
50340000 1 0
50350000 1 0
50360000 1 0
50370000 1 0
50380000 1 0
50390000 1 0
50400000 1 0
50410000 1 0
50420000 1 0
50430000 1 0
50440000 1 0
50450000 1 0
50460000 1 0
50470000 1 0
50480000 1 0
50490000 1 0
50500000 1 0
50510000 1 0
50520000 1 0
50530000 1 0
50540000 1 0
50550000 1 0
50560000 1 0
50570000 1 0
50580000 1 0
50590000 1 0
50600000 1 0
50610000 1 0
50620000 1 0
50630000 1 0
50640000 1 0
50650000 1 0
50660000 1 0
50670000 1 0
50680000 1 0
50690000 1 0
50700000 1 0
50710000 1 0
50720000 1 0
50730000 1 0
50740000 1 0
50750000 1 0
50760000 1 0
50770000 1 0
50780000 1 0
50790000 1 0
50800000 1 0
50810000 1 0
50820000 1 0
50830000 1 0
50840000 1 0
50850000 1 0
50860000 1 0
50870000 1 0
50880000 1 0
50890000 1 0
50900000 1 0
50910000 1 0
50920000 1 0
50930000 1 0
50940000 1 0
50950000 1 0
50960000 1 0
50970000 1 0
50980000 1 0
50990000 1 0
51000000 1 0
51010000 1 0
51020000 1 0
51030000 1 0
51040000 1 0
51050000 1 0
51060000 1 0
51070000 1 0
51080000 1 0
51090000 1 0
51100000 1 0
51110000 1 0
51120000 1 0
51130000 1 0
51140000 1 0
51150000 1 0
51160000 1 0
51170000 1 0
51180000 1 0
51190000 1 0
51200000 1 0
51210000 1 0
51220000 1 0
51230000 1 0
51240000 1 0
51250000 1 0
51260000 1 0
51270000 1 0
51280000 1 0
51290000 1 0
51300000 1 0
51310000 1 0
51320000 1 0
51330000 1 0
51340000 1 0
51350000 1 0
51360000 1 0
51370000 1 0
51380000 1 0
51390000 1 0
51400000 1 0
51410000 1 0
51420000 1 0
51430000 1 0
51440000 1 0
51450000 1 0
51460000 1 0
51470000 1 0
51480000 1 0
51490000 1 0
51500000 1 0
51510000 1 0
51520000 1 0
51530000 1 0
51540000 1 0
51550000 1 0
51560000 1 0
51570000 1 0
51580000 1 0
51590000 1 0
51600000 1 0
51610000 1 0
51620000 1 0
51630000 1 0
51640000 1 0
51650000 1 0
51660000 1 0
51670000 1 0
51680000 1 0
51690000 1 0
51700000 1 0
51710000 1 0
51720000 1 0
51730000 1 0
51740000 1 0
51750000 1 0
51760000 1 0
51770000 1 0
51780000 1 0
51790000 1 0
51800000 1 0
51810000 1 0
51820000 1 0
51830000 1 0
51840000 1 0
51850000 1 0
51860000 1 0
51870000 1 0
51880000 1 0
51890000 1 0
51900000 1 0
51910000 1 0
51920000 1 0
51930000 1 0
51940000 1 0
51950000 1 0
51960000 1 0
51970000 1 0
51980000 1 0
51990000 1 0
52000000 1 0
52010000 1 0
52020000 1 0
52030000 1 0
